LABEL = {3x7_6a}
TAGS = {PALEY, GROUP_COVARIANT}
NUMBER_TPS = {6}
COHERENCE_APPROX = {0.471404520791032}
COHERENCE_EXACT = {Sqrt[2]/3}
MU2_ND_APPROX = {-0.518518518518519}
MU2_ND_EXACT = {-14/27}
MU3_ND_APPROX = {0.138698369151044}
MU3_ND_EXACT = {910/6561}
MU2_MU3_FIELD = {1.1.1.1}
TP_FIELD = {2.0.7.1}
