LABEL = {5x10_a_4.inv}
TAGS = {}
NUMBER_TPS = {4}
COHERENCE_APPROX = {0.333333333333333}
COHERENCE_EXACT = {1/3}
MU2_ND_APPROX = {0.987654320987654}
MU2_ND_EXACT = {80/81}
MU3_ND_APPROX = {0}
MU3_ND_EXACT = {0}
MU2_MU3_FIELD = {1.1.1.1}
TP_FIELD = {1.1.1.1}