LABEL = {5x21_13a}
TAGS = {}
NUMBER_TPS = {13}
COHERENCE_APPROX = {0.400000000000000}
COHERENCE_EXACT = {2/5}
MU2_ND_APPROX = {-2.87616000000000}
MU2_ND_EXACT = {-8988/3125}
MU3_ND_APPROX = {0.0934563840000000}
MU3_ND_EXACT = {182532/1953125}
MU2_MU3_FIELD = {1.1.1.1}
TP_FIELD = {2.0.7.1}
