LABEL = {4x13_14a}
TAGS = {}
NUMBER_TPS = {14}
COHERENCE_APPROX = {0.433012701892219}
COHERENCE_EXACT = {Sqrt[3]/4}
MU2_ND_APPROX = {27.8916015625000}
MU2_ND_EXACT = {28561/1024}
MU3_ND_APPROX = {16.0242614746094}
MU3_ND_EXACT = {525083/32768}
MU2_MU3_FIELD = {1.1.1.1}
TP_FIELD = {2.2.13.1}
