LABEL = {7x15_c_12.inv}
TAGS = {}
NUMBER_TPS = {12}
COHERENCE_APPROX = {0.285714285714286}
COHERENCE_EXACT = {2/7}
MU2_ND_APPROX = {0.108118216049435}
MU2_ND_EXACT = {12720/117649}
MU3_ND_APPROX = {0.00936124495636784}
MU3_ND_EXACT = {377760/40353607}
MU2_MU3_FIELD = {1.1.1.1}
TP_FIELD = {2.0.15.1}
