LABEL = {4x7_a_6.inv}
TAGS = {}
NUMBER_TPS = {6}
COHERENCE_APPROX = {0.353553390593274}
COHERENCE_EXACT = {1/(2 Sqrt[2])}
MU2_ND_APPROX = {-0.0922851562500000}
MU2_ND_EXACT = {-189/2048}
MU3_ND_APPROX = {-0.0104141235351563}
MU3_ND_EXACT = {-1365/131072}
MU2_MU3_FIELD = {1.1.1.1}
TP_FIELD = {2.0.7.1}