LABEL = {5x11_24a}
TAGS = {WHISKY}
NUMBER_TPS = {24}
COHERENCE_APPROX = {0.346410161513775}
COHERENCE_EXACT = {Sqrt[3]/5}
MU2_ND_APPROX = {-0.725640296718173}
MU2_ND_EXACT = {(-4770 + 186*Sqrt[181])/3125}
MU3_ND_APPROX = {0.0196155674477782}
MU3_ND_EXACT = {(-274218 + 20952*Sqrt[181])/390625}
MU2_MU3_FIELD = {2.2.181.1}
TP_FIELD = {8.0.15713938174561.1}
