LABEL = {7x15_9a}
TAGS = {}
NUMBER_TPS = {9}
COHERENCE_APPROX = {0.285714285714286}
COHERENCE_EXACT = {2/7}
MU2_ND_APPROX = {-0.580370423888006}
MU2_ND_EXACT = {-68280/117649}
MU3_ND_APPROX = {0.01136850046638953}
MU3_ND_EXACT = {458760/40353607}
MU2_MU3_FIELD = {1.1.1.1}
TP_FIELD = {2.0.15.1}
