LABEL = {4x8_a_4.inv}
TAGS = {}
NUMBER_TPS = {4}
COHERENCE_APPROX = {0.377964473009227}
COHERENCE_EXACT = {1/Sqrt[7]}
MU2_ND_APPROX = {-0.979591836734694}
MU2_ND_EXACT = {-48/49}
MU3_ND_APPROX = {0}
MU3_ND_EXACT = {0}
MU2_MU3_FIELD = {1.1.1.1}
TP_FIELD = {2.0.7.1}
