LABEL = {7x15_6a}
TAGS = {}
NUMBER_TPS = {6}
COHERENCE_APPROX = {0.285714285714286}
COHERENCE_EXACT = {2/7}
MU2_ND_APPROX = {-0.924614743856726}
MU2_ND_EXACT = {-2220/2401}
MU3_ND_APPROX = {0.00835761720135699}
MU3_ND_EXACT = {48180/5764801}
MU2_MU3_FIELD = {1.1.1.1}
TP_FIELD = {2.0.15.1}
