LABEL = {5x11_6a}
TAGS = {PALEY, GROUP_COVARIANT}
NUMBER_TPS = {6}
COHERENCE_APPROX = {0.346410161513775}
COHERENCE_EXACT = {Sqrt[3]/5}
MU2_ND_APPROX = {-0.844800000000000}
MU2_ND_EXACT = {-528/625}
MU3_ND_APPROX = {0.0250060800000000}
MU3_ND_EXACT = {9768/390625}
MU2_MU3_FIELD = {1.1.1.1}
TP_FIELD = {2.0.11.1}
